              -153 
               102 
               214 
                -6 
              -251 
              -127 
               234 
               279 
              -143 
              -428 
               -53 
               508 
               339 
              -456 
              -671 
               207 
               941 
               245 
             -1029 
              -849 
               802 
              1454 
              -203 
             -1860 
              -739 
              1834 
              1843 
             -1214 
             -2826 
               -47 
              3312 
              1790 
             -2969 
             -3667 
              1571 
              5143 
               850 
             -5627 
             -3979 
              4568 
              7163 
             -1645 
             -9506 
             -3146 
              9909 
              9339 
             -7229 
            -16035 
               130 
             21633 
             13294 
            -23105 
            -37968 
              8992 
             90401 
            131071 
             90401 
              8992 
            -37968 
            -23105 
             13294 
             21633 
               130 
            -16035 
             -7229 
              9339 
              9909 
             -3146 
             -9506 
             -1645 
              7163 
              4568 
             -3979 
             -5627 
               850 
              5143 
              1571 
             -3667 
             -2969 
              1790 
              3312 
               -47 
             -2826 
             -1214 
              1843 
              1834 
              -739 
             -1860 
              -203 
              1454 
               802 
              -849 
             -1029 
               245 
               941 
               207 
              -671 
              -456 
               339 
               508 
               -53 
              -428 
              -143 
               279 
               234 
              -127 
              -251 
                -6 
               214 
               102 
              -153 
