1
-2.000000e+00
-5.000000e+00
-1.100000e+01
-2.000000e+01
-3.300000e+01
-4.900000e+01
-6.700000e+01
-8.700000e+01
-1.060000e+02
-1.220000e+02
-1.310000e+02
-1.320000e+02
-1.210000e+02
-9.800000e+01
-6.300000e+01
-1.600000e+01
25
5b
8c
b0
c0
b8
93
52
-6.000000e+00
-1.090000e+02
-2.150000e+02
-3.090000e+02
-3.750000e+02
-3.990000e+02
-3.660000e+02
-2.690000e+02
-1.050000e+02
7b
193
2ce
417
553
66a
745
7d0
800
7d0
745
66a
553
417
2ce
193
7b
-1.050000e+02
-2.690000e+02
-3.660000e+02
-3.990000e+02
-3.750000e+02
-3.090000e+02
-2.150000e+02
-1.090000e+02
-6.000000e+00
52
93
b8
c0
b0
8c
5b
25
-1.600000e+01
-6.300000e+01
-9.800000e+01
-1.210000e+02
-1.320000e+02
-1.310000e+02
-1.220000e+02
-1.060000e+02
-8.700000e+01
-6.700000e+01
-4.900000e+01
-3.300000e+01
-2.000000e+01
-1.100000e+01
-5.000000e+00
-2.000000e+00
1
